# エゴサーチで採用と判定した投稿ID（2026-08-31〜2026-09-07・782 件）
2094280293343727864
2094311123776614494
2094338031054361040
2094348707580043441
2094353886064849017
2094354598920437909
2094358035351351561
2094360504404001092
2094363769887768584
2094366263162376302
2094366655296201126
2094368936636932339
2094371545749791045
2094382262091739391
2094390644781551701
2094391940976693695
2094419486925520929
2094420680549007724
2094427069627457802
2094428253176176830
2094431674780332053
2094432268144267455
2094432353448030411
2094432392530579966
2094433063006880209
2094433222600060986
2094433415919772065
2094433421993058789
2094434804888650009
2094437928370094297
2094438203575190008
2094438512032637236
2094438630320418896
2094438781940310093
2094438840778076574
2094442300067709048
2094442620508426533
2094442843951775946
2094442948934942987
2094443283501940765
2094443681763954847
2094443710796779695
2094443940065751335
2094444448004665843
2094444846874574987
2094447419421495752
2094449691593494947
2094450540252107171
2094457062973669589
2094457845387506144
2094472302364918191
2094475178600550773
2094476302875332927
2094476704295333990
2094480484810281093
2094500199775498382
2094533422110904643
2094533836839559257
2094534266424271138
2094537019754262749
2094538139700486224
2094540016429261072
2094540393878806624
2094543043462660143
2094544115019272468
2094546170907709853
2094553701923061814
2094561120631824596
2094561413167767707
2094563784035860495
2094564666240647371
2094565497073517002
2094565699746480178
2094567403980255287
2094570414387425432
2094573596165517775
2094574893233041773
2094575655488983208
2094586351798853723
2094597695965192425
2094598415183392905
2094598642783117426
2094600822030307623
2094608944039882997
2094609522925154466
2094610796584292763
2094612638206738435
2094617006310068226
2094620466631852063
2094621277013365036
2094621498325746038
2094621781395169389
2094622190901879296
2094622852918194486
2094622970530660754
2094624189546467715
2094624710722232701
2094625691061137890
2094626047182635518
2094626112718725445
2094626199515644405
2094627279083360367
2094628859052233157
2094629900112339073
2094634819250762156
2094637185601523800
2094643807937872373
2094647661379080245
2094651119473705450
2094710739470897247
2094730629753569756
2094730935807705574
2094731260077768828
2094731689016574337
2094732043913412773
2094732269671891096
2094732578515550209
2094738311797682333
2094750460666417237
2094752931795153335
2094759569381613738
2094762904608559180
2094763335661257062
2094764776585093617
2094768436740239391
2094768466251182506
2094769161109221551
2094780103616270533
2094780145701904421
2094780419950698884
2094782081939435977
2094782332448407666
2094798581160939759
2094798885285982419
2094810135726379257
2094810388366020838
2094810535875494392
2094896806920638730
2094929332410208496
2094930354142609538
2094930378817765432
2094934202076852449
2094934471892197831
2094937012222751101
2094938043321061608
2094939644291162589
2094945524067819799
2094949813053984786
2094949988988231688
2094956743168315428
2094967957927661657
2094977761328926773
2094986207654744278
2094989403030749210
2094999154766332075
2094999371980865642
2094999557721800747
2095012735239234006
2095021242256601272
2095029034833068384
2095040114791727278
2095043358398038017
2095046245412897201
2095049311436611742
2095058014281908426
2095058704240689224
2095063247649194070
2095080335386280157
2095089007491420347
2095095599364456603
2095099404600689057
2095110619729129908
2095122275326730405
2095182508274901167
2095182757760500075
2095183072975081738
2095183639432552954
2095183893804499103
2095184471418884133
2095316619585286174
2095317144506663212
2095327780842201218
2095391419238359309
2095399127828115863
2095402111555281035
2095404056890273856
2095407571834450291
2095408798865453543
2095416063932633491
2095435211064647826
2095436646275825810
2095436800823267792
2095443692555575552
2095443935493853622
2095444751315263790
2095454477461668055
2095454656675848626
2095457945958175089
2095459148985217321
2095467515174642026
2095469293693808908
2095481911628198116
2095484881572970596
2095486961238831252
2095493393707389194
2095494585720152349
2095505755084611764
2095506833222037669
2095509982393368805
2095512004199149966
2095512205991272687
2095516442896851359
2095519826852941928
2095526644392005901
2095527236132839544
2095527234216009934
2095527257377063322
2095527288150602150
2095527399396151582
2095527451992711561
2095527511069536745
2095527749209522393
2095527810257564106
2095527824711094667
2095527854037680329
2095528067389415789
2095528915205042253
2095529195510300964
2095529305766080850
2095529571932352727
2095529877277712406
2095530055560818970
2095530105514909971
2095530232719814896
2095530284099993855
2095530524068680084
2095530624773984414
2095530863157235947
2095531204904886351
2095531296445579537
2095531601409224980
2095532527448711186
2095533292712067317
2095533343043711200
2095534064614924751
2095534159825609147
2095534310317297889
2095534417674662001
2095534548981596171
2095534574352908790
2095534692762333343
2095534739021324325
2095535042214969739
2095535165728780364
2095535209060143159
2095536239994937550
2095537581559792024
2095538153406988365
2095538771672674776
2095539151676538965
2095539154301882739
2095539259877068957
2095539425052905963
2095539431939723493
2095539678292156736
2095540002553835952
2095540274663477428
2095540918279623155
2095540924780544436
2095542099810894249
2095542417726579133
2095545464590577972
2095545570882678815
2095546005945291139
2095546445659345255
2095546744474042419
2095546796407914789
2095547531249983893
2095548575719751879
2095550073707053199
2095551241447444560
2095554926109917383
2095556368677945367
2095558709908996298
2095559525944394018
2095560873268203941
2095562136990912761
2095564516436418963
2095570053442011238
2095574871292190799
2095582044466430431
2095585758124081181
2095585992086577449
2095588795903275355
2095590850453741955
2095593998748664193
2095595104602030178
2095597747072377016
2095606136284291401
2095607150764794094
2095612058201112715
2095612762772897852
2095614635730960864
2095615802720555398
2095617218239471848
2095618819008139433
2095619736969375797
2095620016247013507
2095622290264453123
2095622436222112206
2095622677658821081
2095623596043538611
2095623983882535066
2095625355948404805
2095626090484285530
2095626511663702445
2095626961100087731
2095628963968348251
2095629173708742838
2095629348384788929
2095629857866789025
2095630099572031897
2095630430565511487
2095630882476585146
2095630900344316290
2095630922070761591
2095631035962896440
2095631276053344639
2095632397878608132
2095632589382164924
2095633091406803442
2095634688622952916
2095634972203962580
2095635121143779783
2095635384512459252
2095637007070560763
2095638257233166482
2095638262471881167
2095639377527619633
2095639562454442186
2095639753752481831
2095640328988655718
2095640617296789605
2095640619729420466
2095641529998328116
2095641764908630426
2095641933947543737
2095642653396451546
2095643662999019589
2095644102868279464
2095644616943153238
2095645983971660180
2095646695107534973
2095647238785786172
2095647846553051297
2095648078498001015
2095649132241412150
2095649521959420136
2095649617606328821
2095649804298887189
2095650306441015482
2095650948920258692
2095650974648201249
2095651615307121026
2095651922187591906
2095652247539699783
2095653007862190502
2095655072151884260
2095656452648292614
2095656695070589253
2095657155676520488
2095657435788988918
2095657572154097686
2095657661727649888
2095657880708096211
2095658298993520956
2095658624010031292
2095658754109059275
2095659391177621734
2095660117639545237
2095661822875697396
2095662309880557801
2095662337734902271
2095662366348525865
2095662438402420857
2095665308619124874
2095668076096450765
2095668255797154044
2095670529734975644
2095671197321285881
2095671990401343629
2095672875676254646
2095677477993824554
2095677890058944830
2095679680414412993
2095682049080537209
2095682254962037244
2095683804187001149
2095686158298861623
2095689764477563254
2095690926022889596
2095695233334046994
2095695398891663780
2095700292323180840
2095707195090571714
2095707313692930194
2095707814874452282
2095708635053895892
2095710033334194578
2095710605923778869
2095710617416146984
2095710674639007900
2095710924271427637
2095710939278668244
2095712708721287292
2095713662241824897
2095714003570012332
2095714480521130168
2095714805927776652
2095715140469719343
2095716674490323306
2095716725623050251
2095716838349127946
2095718448789926058
2095720853933850802
2095720892454367395
2095721753997959461
2095723847521644751
2095726696532209775
2095726893937111285
2095726927755522359
2095727786321395845
2095729704007565383
2095732817489691026
2095734913870028956
2095734932463321533
2095735150428778535
2095736076661113118
2095737185349849118
2095737984687714346
2095740757839912987
2095742609520255377
2095743580153549149
2095749257026543818
2095749855821910390
2095754847014576338
2095774519848047035
2095779718385881382
2095780564708339774
2095792910633759126
2095799249443107161
2095802649757057299
2095803379733995561
2095805478676939172
2095805679009468675
2095805766443880719
2095808014817149359
2095808315917791469
2095808694646710602
2095809013879394626
2095809335947366446
2095809743872749789
2095811574862926068
2095814432517722409
2095825164563034279
2095825790718058568
2095827857197224160
2095827930035396630
2095833557730275618
2095833931140718811
2095835019529060441
2095835265432801589
2095839355634078171
2095840493381050382
2095840525052223717
2095847449248285042
2095849114605093082
2095850535752806716
2095852961528483987
2095853396813070434
2095854743751135473
2095857561178370133
2095858752155267562
2095859151473926332
2095859463194566717
2095860585145700484
2095861994616418501
2095865647863595251
2095865874163138823
2095866472262517184
2095868990480662632
2095870955855954143
2095872836795847114
2095873050424365261
2095873619780112660
2095874087872844270
2095874830465900723
2095875239259595223
2095876101583274293
2095877731934425280
2095881800203849899
2095883165151957126
2095888413312618913
2095890188740473172
2095891277695139848
2095900026639909054
2095913116005749175
2095940592668995725
2096032470819107054
2096033052560683152
2096033760986927190
2096037285951381972
2096038200112476560
2096043090628976643
2096044835681771708
2096045618234036469
2096046204568432709
2096047356949180490
2096048199979172119
2096053607909228558
2096053737639059474
2096056770083103097
2096057862619619621
2096065576993206728
2096066813788586320
2096073697362854049
2096075506760478868
2096076478542983638
2096077142614573506
2096079043166982214
2096088808043184154
2096089121878151316
2096089601895182356
2096100936464859343
2096101242586165308
2096141102697042219
2096144454432575686
2096147200485298516
2096147227240788001
2096153342816981067
2096172153871946083
2096175168339218593
2096176938293625337
2096178551850676263
2096185368286826582
2096187626130919653
2096188318178549960
2096189206901207099
2096189558375452967
2096190089743438230
2096192396510003527
2096193510890524877
2096195117690593374
2096200544125591718
2096201405161959460
2096207237740142753
2096208010125434896
2096209782516707836
2096214603076378860
2096217274852184439
2096218418597003502
2096223732956348697
2096232736826761395
2096233758341181653
2096234317320237149
2096238207843389457
2096239841747071065
2096243646404391260
2096244859594326350
2096252125508690357
2096255104261529816
2096266176397820058
2096283578640568823
2096284072448610474
2096284153776144549
2096310167411294370
2096364252064051230
2096372242934563311
2096376248650060056
2096377347683520751
2096380055215886619
2096380788862579005
2096386726692548820
2096389810739138609
2096390169222078673
2096390784664977633
2096390919343980840
2096391542667940262
2096394455008112929
2096396351550726467
2096396883279352309
2096396970382459080
2096397850808820136
2096398405878923337
2096398846784098655
2096399063507992595
2096401423189807590
2096401734751154494
2096402230811472127
2096402257025839380
2096402876864331964
2096404613675262316
2096405193579757700
2096407382297608252
2096414977729130783
2096416143473082799
2096420764220281203
2096422279123271984
2096424058833527004
2096426049630511379
2096426248113471808
2096426809567117362
2096427524331053398
2096430844747690174
2096439021346210288
2096442688761462869
2096446000672158061
2096446450746233281
2096456773800722587
2096458112710692954
2096464166605517006
2096466099139186950
2096466712334090383
2096468009431056753
2096468258081972654
2096468771859034211
2096469887975911689
2096469994930602352
2096479005050556868
2096481319723442429
2096483231109697816
2096483566821732795
2096484523001454995
2096486384022479090
2096486816287522924
2096488279394988100
2096491962044166525
2096492883482390966
2096493004655829344
2096493364493631772
2096493638922695088
2096493876425220167
2096494548600172673
2096494872475930921
2096495470529163299
2096496453300695182
2096496932994863328
2096497336667292112
2096497554997510185
2096497827228835858
2096498470857384239
2096500898797429105
2096502478699364836
2096502839006859570
2096504521128353900
2096504586756603957
2096510572338844107
2096513503553327292
2096514062515626386
2096514682471530829
2096515184022143114
2096515362238202059
2096515599342223434
2096516037449839038
2096516305226707415
2096517023010619863
2096517478667227600
2096517824491749729
2096518819984683125
2096519325637394612
2096519498916589968
2096520647350591621
2096521090587566456
2096522223331016838
2096523397639414084
2096524070649307466
2096526560786624807
2096526736452423812
2096528094865899939
2096528788809244961
2096529192192196993
2096530467617189889
2096530666129445255
2096539261302698343
2096541110982365678
2096541397130326101
2096542242106437658
2096542716373168334
2096542811097354411
2096544244098040110
2096544254994829652
2096546184928301314
2096546215366168923
2096546562038268388
2096546569915179053
2096547101291470977
2096547151790969248
2096548883614568541
2096551530820460577
2096552644709957668
2096552890470940800
2096553185045282848
2096553579855413584
2096553841613234400
2096554246929821990
2096555105856192857
2096559361686634705
2096559540615688481
2096559545577619706
2096559610463416397
2096560134864679210
2096560528118440075
2096560800265892215
2096560943324885091
2096561777844871455
2096562339663200636
2096562651447042081
2096562747924492749
2096564557972230465
2096566584911532391
2096566908351082877
2096567806259298581
2096570175860699567
2096570892616896654
2096572124186177759
2096573038951346679
2096574611223982382
2096576112797315285
2096576519246401576
2096576616969498922
2096577041160429920
2096577101835198666
2096577654170566795
2096577704732835909
2096577843505574397
2096577995469447414
2096578562098704892
2096578703765708939
2096579008267964510
2096580741983580168
2096582045199962178
2096584436397621659
2096584478361805111
2096584718812942433
2096585188411322563
2096586333577937188
2096586474183610427
2096586767612912127
2096586913453158471
2096588256389579066
2096591430005522713
2096592376370520120
2096592402610065508
2096594621614940380
2096595821139775510
2096596526516809940
2096600581700014089
2096602368414711921
2096606349031588167
2096613007715643599
2096613327522939136
2096613812862624019
2096613812493545490
2096614168149500157
2096614983367082392
2096615631391224037
2096616261866357199
2096618819494220129
2096619829696606380
2096624959015821743
2096627652505538910
2096628510039363980
2096639048467321105
2096640112843178183
2096653483873345593
2096714473616842913
2096715603608506467
2096730743531782355
2096732002506661911
2096736913042588043
2096750866019786782
2096767470371815619
