# エゴサーチで採用と判定した投稿ID（2026-08-01〜2026-08-31・349 件）
2083436953224290448
2083463183738827118
2083482332959564142
2083753785462321373
2083796887044571531
2083812598655734255
2083814416219541664
2083818002529554554
2083830662390505474
2083840651322601573
2083869941946864064
2083873736906903728
2083877093369364632
2083885287806259372
2083886374151659930
2083899593423814977
2083902000954274185
2083902324859343054
2083924765585383428
2083925811808411753
2083926621522898959
2083930833921171495
2083931134195609967
2083935102565056849
2083935232420614211
2083940360473153920
2083945377620013394
2083945665877701037
2084030000429416665
2084098470550593673
2084117353336594554
2084121436835487841
2084213087612424341
2084247294069948812
2084959923058913479
2084964826850419084
2085001646572998669
2085335035868221684
2085574767479001092
2085587592452644959
2086056751288459391
2086072320956002815
2086084317151678912
2086093549276405875
2086281170376142852
2086302000036413880
2086338930467815874
2086340823332082068
2086404523573293560
2086435067887522121
2086447242064654417
2086746209537102165
2086776372010344484
2086791248640462922
2086794026817311126
2086806483371761859
2086816595519655954
2086821901410963538
2086823957190279222
2086824168902070645
2086824261440946339
2086830346440675522
2086922104017166510
2086962923289837842
2086963628197171607
2086966702626250841
2086972170513883400
2086989670639178054
2087027279532847153
2087040797355221169
2087043020684448041
2087044178354295250
2087059211167641683
2087093550253212020
2087094688763502799
2087101041653567924
2087115798263550030
2087127445325635640
2087140745597861919
2087143539495088466
2087157234707132610
2087159618699194702
2087164465892733024
2087177902823703022
2087191450270552295
2087208320952353071
2087253322961203200
2087282836516864190
2087306450628755959
2087317968107762020
2087372282994040876
2087373159989473394
2087375064241148351
2087377286404485311
2087416486101237937
2087515926363254946
2087583327301841313
2087699011000320164
2087778968367923704
2087801055530901704
2087823468754776166
2087838931366846474
2087839230353654248
2087839920354390312
2087840436874518886
2087841377061421472
2087884784030867583
2088043458275725660
2088049150592172377
2088059022167683211
2088129627881722164
2088134886733611252
2088136704318480595
2088142497059107166
2088162277887463583
2088180184033988653
2088189863560708395
2088227698258944044
2088229198427283573
2088229584408109157
2088230553975751032
2088230862051819644
2088232114353492035
2088232450627719600
2088233524214268275
2088234362676670468
2088234977792294914
2088235617109123515
2088236557413294503
2088237134243307783
2088239424329195909
2088249303081074706
2088250506338857404
2088255786686546257
2088268685953888345
2088280259926093900
2088281264071815294
2088281508566139292
2088305068550533437
2088414715324285245
2088422142992064959
2088425441141092689
2088426264185143493
2088432551803383993
2088438000065872372
2088505734497747144
2088517824868491323
2088525041613131777
2088557620747760085
2088598542533500987
2088599506166431947
2088613317455815144
2088614831280804033
2088620143828242833
2088638456784367992
2088640503210512829
2088646926774509869
2088659257562730934
2088668893187592361
2088706818679943563
2088755459218137349
2088803483235598493
2088806498654921071
2088813899382685802
2088814711160942607
2088815775746576769
2088821830824165649
2088849578917593523
2088883587986629041
2088929436796359081
2088985525386727760
2088988119945335267
2088996292898820232
2089281896748659041
2089630700773441664
2089632436707877073
2089707583577936320
2090022039419867147
2090415562468073966
2090669024313295256
2090754114435355029
2090831853699657790
2090986225805254825
2090987355687850086
2091001157930168824
2091016623419429003
2091021848654045336
2091024585777176775
2091026487080362089
2091066343764431345
2091068319956861135
2091070660521148612
2091070821288530396
2091071174273098149
2091071345325203590
2091073315268129186
2091093149087347117
2091094278806372702
2091118542318137763
2091121451411906686
2091134767983128951
2091141818406850572
2091143939415998757
2091145396211106211
2091148623019164108
2091149729879019956
2091169662612721852
2091170195394183579
2091175654267957466
2091295527170380237
2091309910323859855
2091310018067050830
2091323591958864259
2091342749895471537
2091344393760645359
2091352215034466400
2091407201655308554
2091429741664600180
2091440918880833789
2091445732998017196
2091451962826854453
2091452434375700714
2091452978750275851
2091474654091423885
2091518164618371234
2091562500613407176
2091563601328779311
2091564520929915294
2091716443046109318
2091765292271841691
2091849720717324663
2091869355953062316
2091876426136076403
2091885232052191593
2091890302181392697
2091892698554970365
2091900167834550420
2091904217158164630
2091906789193531715
2091907166034866428
2091911877697913004
2091918019849015458
2091918298480861404
2091918865076781271
2091919086229860825
2091919260889096248
2092149394988732827
2092173712221229410
2092175747435909543
2092177141253472609
2092181748692169023
2092200466717262326
2092252803578429682
2092284480375460176
2092461135283007524
2092535228715958567
2092550308195127471
2092556282633048144
2092581497098371416
2092585573223690265
2092598533308494180
2092613853452636185
2092630730635678096
2092634389746446529
2092635274488816025
2092638134228123824
2092643851219636352
2092643911067893924
2092644231336628384
2092644484202770487
2092644730840469512
2092645110932545583
2092645477556662753
2092646290450718761
2092738149411951063
2092814595891339353
2092888272519544931
2092906443561419083
2092920681529004250
2092921126330732758
2092931117754269994
2092939308223140040
2092939736327291078
2092940211202207877
2092940534868259230
2092941178039677137
2092941479832350938
2093127408975282292
2093184183644622883
2093223923555197221
2093235645766648031
2093294943552917654
2093295431912747010
2093295788571193785
2093296370858016992
2093307163707871658
2093307398299504677
2093307856648806751
2093308135389696360
2093308631177441664
2093309145432674496
2093327541587365995
2093351304512876766
2093672898204733763
2093738198132560201
2093809030477287685
2093847663443931617
2093923817899069882
2093934456059093084
2093947579478483030
2093972239247167714
2093981580788392326
2093991276991701075
2093991964761071751
2094004580602491134
2094004762618560595
2094004827064004779
2094004884681154846
2094018728673620400
2094023374414471343
2094023577934664064
2094023582657736823
2094023980776661159
2094024184078754057
2094024433157513694
2094024726108598707
2094024904735908049
2094027947003023824
2094032079252275302
2094037577653518574
2094078550920089665
2094083537867821179
2094085247763947892
2094211484637417869
2094363769887768584
2094366263162376302
2094368936636932339
2094371545749791045
2094382262091739391
2094390644781551701
2094391940976693695
2094400743759663510
2094406554678378644
2094419018312720639
2094419486925520929
2094420680549007724
2094431674780332053
2094434804888650009
2094438840778076574
