# エゴサーチで採用と判定した投稿ID（2026-09-29〜2026-10-05・548 件）
2104783593419747543
2104786304533737592
2104792428217794610
2104800079861498299
2104806780849311909
2104809786252636465
2104811895848853949
2104812451984511253
2104814798143963593
2104828954452623612
2104829412726411745
2104833867098288243
2104837400329441577
2104840524989653059
2104840710751211838
2104849252400971843
2104851560174076358
2104860358511059125
2104881945821991306
2104886255297442168
2104888892092727342
2104889498337517703
2104898151513755892
2104902179094138997
2104907953249956228
2104909621467156799
2104911580966334606
2104919530262954482
2104919953224913344
2104920695541293142
2104934358708806061
2104936504724455528
2104941222284644810
2104949590906876192
2104960037508784316
2104963080082035118
2104963336588976274
2104981894568042796
2105043556151009295
2105059299999572141
2105059749440217374
2105066821535818173
2105068169564209347
2105072057402945808
2105078529977450934
2105091607083262123
2105093183738909004
2105097880646377678
2105113512716775554
2105114232056644013
2105117688905568636
2105130581256503750
2105132805584011555
2105139851951825353
2105140415821402561
2105142028229361711
2105142112715170179
2105143559116800496
2105146895656227183
2105164690569806262
2105165896016937100
2105167345996227005
2105169532998533400
2105169693506245024
2105171660555076085
2105180174593757446
2105194892704333836
2105200408750907788
2105203873300595151
2105204094415819207
2105204150388805870
2105206759304663130
2105208176073417032
2105214504296755406
2105220697564041565
2105222094602789138
2105226099504636344
2105226706927972834
2105227746502959569
2105232128531443777
2105232702173585652
2105235895431622767
2105239289034613092
2105240543349641661
2105241718849478919
2105244398225432630
2105245089752903821
2105245332443697552
2105253204846121356
2105254165429821900
2105258003322605622
2105262551999353210
2105263054346936602
2105263705705545867
2105266825986769253
2105270340435972495
2105271654205268470
2105274756664865039
2105279934952559011
2105286551521603850
2105287330580070904
2105289648381792525
2105289982500061313
2105291581821747453
2105293024448434382
2105293683860120019
2105295086951309638
2105296907103043787
2105296956574892108
2105304322435407942
2105305780547154001
2105307066072285553
2105309501050228861
2105311424667103711
2105311529629597881
2105313092347600950
2105314153636458663
2105314496021725221
2105317882691551377
2105318526500409661
2105319389193273427
2105321763089649730
2105322046393839618
2105326526170546370
2105331121819095306
2105332102338343005
2105334888320958599
2105355084716806421
2105419608144674890
2105423431798026508
2105435747490963709
2105436894389772473
2105437083808813220
2105438436522098816
2105450822738018440
2105458019190612130
2105473345437458562
2105479978381135907
2105480298339410312
2105481584233300110
2105482675670929586
2105486392549875938
2105488439839973508
2105488506974056480
2105492112708137258
2105493426154438936
2105493764194328915
2105495858175484035
2105496570796065242
2105496644733350137
2105498985389768770
2105502462161649865
2105503474888868055
2105503889936240682
2105506513259315689
2105508617453756831
2105510020620427590
2105510168721334277
2105510832734110139
2105529592924811388
2105534410661724338
2105547425138241831
2105547955893919861
2105551311764856934
2105552656098001257
2105564349314253304
2105580178907046372
2105586763851047279
2105599665483964449
2105604919407645047
2105612257623519506
2105615483999531415
2105619747505320124
2105630263686701311
2105633115071009193
2105640485897564402
2105642634090053904
2105645412178866361
2105649834195915106
2105651989099233739
2105652770007384255
2105660265748713812
2105662303828083172
2105662730976039378
2105662923406250207
2105664451961844060
2105666181374030178
2105668514157887776
2105668867708305832
2105672786886947297
2105672990944055777
2105674813566234811
2105676680014827593
2105681863029518779
2105684727680397325
2105684908714983866
2105685289993945164
2105694156958101611
2105694624933417405
2105699412630728928
2105786823666815395
2105810915556004122
2105818852139716664
2105823186424365123
2105842463084806189
2105844262604857670
2105844600854470847
2105852085468360793
2105862060181741667
2105865873521267134
2105866447314636939
2105866797979435043
2105868039073726601
2105868620714897911
2105869045040037962
2105870391474536845
2105871248144420941
2105875373812769038
2105886575427305890
2105905476118651322
2105906557502574627
2105909379375796642
2105914351404417449
2105915646777438538
2105918156481118278
2105932254589698350
2105933308282737053
2105933512281075894
2105934282674020602
2105934388580237704
2105934721649975577
2105940412011798950
2105940650474754511
2105941715580498379
2105941803761627562
2105943678779056260
2105943794604707950
2105943805656776969
2105945917509800024
2105947155890594289
2105949143323877414
2105949655813308576
2105950202234556809
2105951406813478988
2105952290167492726
2105952715759288619
2105953769897013507
2105954896608469175
2105956339193430229
2105956895286813122
2105956974953472435
2105959116795687276
2105960181108502930
2105962658495365174
2105968602386141349
2105976102648721753
2105979934221177183
2105981387438543346
2105982327067414883
2105983155748687911
2105985227890073997
2105989225032318993
2105998377599279463
2106001131545747742
2106002593109753916
2106002841538359620
2106005549204824288
2106012899013746986
2106014820176994681
2106018264619073797
2106018698561823152
2106045754934710711
2106045812090470587
2106046114180866060
2106046329046851697
2106046396096778382
2106061652680663056
2106065712259453247
2106107830298366195
2106129248771768421
2106129290974884252
2106129638875603116
2106134988844564571
2106136388379041937
2106141383627321544
2106143120681467985
2106144722385580521
2106146086209626482
2106152830939877503
2106154010977956222
2106157285676568714
2106160384415781018
2106160506004545551
2106161213831008539
2106163335775527316
2106163475139735902
2106164836505973054
2106173077902311537
2106180714912010676
2106187482425688341
2106196524724260881
2106201795223798011
2106209653436854659
2106237095132234163
2106241635592118305
2106249924706799862
2106252269192970557
2106259072949596533
2106259123356762398
2106262527160340552
2106264425879802010
2106265407967641608
2106270954422997134
2106275777113198848
2106275971108348290
2106277145375060074
2106277259346944131
2106283230437748966
2106283544217817149
2106283633321672905
2106283858903826524
2106283942181789991
2106284945547354165
2106289067071848830
2106289096406823237
2106290922430623913
2106291032124211658
2106310763920908307
2106318033887330496
2106332998002212903
2106333667601829900
2106335436931236263
2106335480791105739
2106335993859322201
2106336234113233086
2106340845695955348
2106343585281155247
2106350994108150079
2106356355963748361
2106366384779477335
2106367636225556576
2106367981181665587
2106368020054770108
2106372483561767062
2106373467818049567
2106377162785984909
2106379771362107699
2106382206008799670
2106384943714853242
2106385028146159818
2106387218831175772
2106391961288708224
2106395552808366362
2106396138542911661
2106402661197328668
2106405164274065800
2106410536250614035
2106443651836727712
2106487273533665349
2106514988768834000
2106538714726105317
2106541342801416534
2106550808192200846
2106553963361534425
2106561385127936217
2106561675201778128
2106566089765527790
2106572332538159404
2106575836627583022
2106576583620509928
2106579312409530453
2106583642713821411
2106587866616787321
2106601863596642706
2106603112626786460
2106603913059115271
2106604880953770465
2106607464544407944
2106609767921930617
2106614085819461916
2106629551073944032
2106629688768815476
2106629978641293481
2106630617362313367
2106636783845073169
2106637956723441861
2106641864958857384
2106648296462934130
2106665093110911203
2106665867547377973
2106667938262691878
2106674313596453003
2106674844373045420
2106676888299360474
2106681332135051432
2106685920204501230
2106686942553509965
2106691361667969123
2106691384275255382
2106691638437327000
2106695052215128103
2106695102530039942
2106696304126501236
2106698733333434447
2106700631453102330
2106705412687065099
2106705440537190588
2106705603351744664
2106705795606049273
2106706185412100604
2106706313325768884
2106706394405847438
2106706477151052080
2106707067931353571
2106710384417878390
2106714005696114766
2106717261432274989
2106717286417777088
2106721329277972915
2106721915683709109
2106724098042986693
2106725928269488286
2106726694682001694
2106727238825922807
2106730562459504746
2106730851421638718
2106744322960023719
2106748708608225637
2106749376299413574
2106750699338092744
2106753194395304044
2106754344674889987
2106754968854450461
2106758062514323876
2106760008692277331
2106761906119909634
2106762445897547839
2106763101328798097
2106769776215523332
2106772266080141565
2106773724037042266
2106775368288124997
2106775933751583109
2106780976252940604
2106789644604215368
2106795002533986544
2106798231325938123
2106798812476191208
2106800538461598172
2106802204934086701
2106802741356224537
2106825705061482519
2106830468037669072
2106841883452580164
2106861759143501929
2106872325606175151
2106885788009181304
2106886152469033185
2106888717222973801
2106894571536093421
2106899866911961568
2106901232606650576
2106915530397671634
2106921034721149234
2106930028818969006
2106933738139799870
2106938616060723548
2106947948437471736
2106949900462420395
2106951678620750039
2106952124320149881
2106957997331378203
2106958248586911841
2106960563893100587
2106970494377554273
2106979316932444532
2106980673693344020
2106981173184663703
2106982407731831000
2106982784137105602
2106984335584960658
2106984668155494901
2106985013980070074
2106985237641396233
2106985318247481838
2106985420965969978
2106987807655051379
2106991704582795550
2106992195240648723
2106992459293319487
2106992498291970069
2106992745160315297
2107003291884494960
2107003799261053363
2107008448026263819
2107025366972063980
2107025695440552365
2107037859198984198
2107041117414027679
2107043917204242650
2107043972468363657
2107044277494689809
2107045238892343805
2107053858128318510
2107073776253120886
2107075799467909181
2107080126462914713
2107080208071475402
2107094017276346548
2107098032487674022
2107099585571406156
2107101416321917221
2107103033259954360
2107104281652494609
2107104393896362119
2107104612981628929
2107104621185597949
2107105104709222403
2107105238926958918
2107106836130505038
2107107095837548766
2107107855673483764
2107108861987717129
2107109335847592315
2107109709325197681
2107110236964470859
2107110252961472970
2107112088368034155
2107112100200169821
2107112479507747185
2107113270939439184
2107113351306448987
2107113824684056676
2107118225997943089
2107118349700497527
2107118698771436003
2107119229581627409
2107119387606220950
2107119461103018026
2107119794009075801
2107121138409316418
2107121335679996235
2107121464071885045
2107121819014877332
2107122374265196601
2107122596085141955
2107122940672401481
2107123043567030373
