# エゴサーチで採用と判定した投稿ID（2026-09-19〜2026-09-24・418 件）
2101164559491100726
2101168991850868873
2101175507165511766
2101180197555085740
2101181247670341810
2101181733752406287
2101184271419674790
2101184833607397411
2101185984784470447
2101188472203841682
2101188783534387321
2101189057061486789
2101189407269433518
2101190191389999306
2101190580961530326
2101195478994235450
2101197239771353481
2101200460384538726
2101207005612675223
2101209043100692580
2101209254590026102
2101213218324742635
2101213301141287140
2101213354039935426
2101216936155828568
2101218866399482127
2101219859422147005
2101220939124105589
2101225717006549234
2101226166481023064
2101239791190954428
2101246273626231052
2101253755492507994
2101253980571472108
2101254193822552253
2101254876152078350
2101265042058694663
2101265048387919985
2101267334514229276
2101276253039002082
2101282511964033311
2101285514783707492
2101286295561785419
2101291174762106956
2101291927199187150
2101292627521868282
2101292885480296805
2101296678821368272
2101296777886642213
2101296933474349320
2101305095992598639
2101309104107208786
2101310010290741648
2101311207261212754
2101314737623728571
2101319144855798247
2101336823960310210
2101336996807671885
2101337336995012798
2101343589590835706
2101387510287122600
2101437609721659657
2101443361899213040
2101443876653514786
2101444507527225767
2101444892941767011
2101445674965569659
2101450121900884223
2101453419261423820
2101457056926773519
2101458795352490224
2101460248645312585
2101460990584107129
2101461335599173848
2101462038841335833
2101462657996099995
2101462993846546549
2101465131251384702
2101465632743231817
2101465925728063561
2101466786822840538
2101466850626601233
2101467462139363347
2101468582567907577
2101473126903374057
2101473834528653539
2101475242128572463
2101477066508276106
2101477464145109353
2101478504689013068
2101479481550815317
2101486973081022630
2101492737610756280
2101496199908045302
2101496404774703536
2101499328942784983
2101522369441632746
2101551632635081033
2101554825238610395
2101555975761391727
2101570361624334455
2101572862272524766
2101576693634998573
2101576941195448757
2101577827787374743
2101578603725304193
2101578906826617219
2101580178321510478
2101580381703352808
2101581501632794716
2101581885059350829
2101582146842583328
2101582313209696366
2101582891864211755
2101583294160896089
2101587204208574645
2101587497193267542
2101588966873112576
2101589458659471802
2101591406678863990
2101592953596895558
2101597819643760766
2101601236193792173
2101601823216042399
2101602482833248462
2101602754578022727
2101603483237388531
2101604108679741775
2101604141521096978
2101604738735419835
2101604970802167888
2101605055703249293
2101605314709852188
2101606061384044739
2101606154292129869
2101611371045724204
2101614171062157467
2101616902829162804
2101617116759630326
2101617356174741541
2101620423368880248
2101621266767892557
2101628177655460240
2101630114694111285
2101636373262598350
2101637855961595965
2101638205187727485
2101640445600432255
2101641366715650266
2101642178468647113
2101647240502845676
2101650338319315240
2101652904868491462
2101656968029171757
2101657050703175994
2101660232070177010
2101663133790323189
2101663191440970145
2101673474658082946
2101675677338755095
2101680386170630652
2101681409262035435
2101683936435061245
2101684813052993582
2101685072193847569
2101692097405567411
2101707954122899767
2101710226542207381
2101716733065331022
2101718824508870911
2101727739288146385
2101730163440677258
2101767496797995409
2101831006978474250
2101834105130455533
2101835390043013343
2101837311705317881
2101837600843809082
2101837814208004526
2101839111984488487
2101841554742849903
2101842364008722497
2101849400360460605
2101867733386424634
2101868772315558283
2101890251023421790
2101890298385473734
2101890592854994963
2101891570777866331
2101896627887960552
2101898237502460341
2101901062915641740
2101915314044948507
2101939352842678356
2101942403804627317
2101960732514603376
2101961698928455908
2101963257322090584
2101964085458092228
2101964345249055124
2101965597789856000
2101966110560260277
2101967875263377534
2101973467751154015
2101973910938083677
2101975542342005111
2101983344527609923
2101997439553290551
2102012210201698735
2102013220974436740
2102013587397255583
2102014948847304775
2102021418045284488
2102030129866453251
2102036342633046105
2102037991875342575
2102038338018714008
2102040333769113729
2102042111856230616
2102042315011625142
2102042390638870765
2102042603340660851
2102045403533476261
2102048337381949608
2102050002210324884
2102051323701297557
2102053825448484949
2102069214085529775
2102075431008501815
2102075638316163536
2102185305952624884
2102186498816987217
2102203866813190405
2102207700197343514
2102210347113566598
2102239477930590485
2102248904041672841
2102249025420644745
2102249242865643833
2102291552261542052
2102319040614330781
2102326136432886025
2102329118738330077
2102330623662981518
2102332580171559216
2102334989056807392
2102336954247647537
2102337994271383746
2102338587413090430
2102338868356014276
2102339271399006261
2102339464358162929
2102340157592809708
2102340352971821328
2102350000575697075
2102351297987088662
2102393678732144834
2102393995397869995
2102394403570561133
2102394442179330060
2102396329314160799
2102396578715914469
2102397334953001404
2102398264054308915
2102398344958190033
2102398650202890270
2102398952704458760
2102401209126838441
2102401982040256714
2102402034700071201
2102402058817286303
2102402078530502968
2102402232574779720
2102402662717419792
2102410372091371952
2102412534372540532
2102423891520180448
2102424104448282850
2102428775824920961
2102428910247964757
2102433346857120099
2102445375974256911
2102445624683876550
2102446100393439739
2102446388537889249
2102446582029599104
2102449522534465862
2102451210695717123
2102457029290074456
2102530194133446695
2102530750348423271
2102536208022974535
2102548124783055222
2102549441081463261
2102551601361883205
2102571596447920412
2102576347940069388
2102576353828839553
2102576607731106291
2102579152981504143
2102593079123599574
2102593168743285014
2102593252369326428
2102593769686409395
2102593852033134804
2102594007612428737
2102594299171164599
2102594668559306791
2102595459323990089
2102599814269796494
2102602650923712899
2102604142825058776
2102604418655072367
2102604617628766333
2102604829327778166
2102604861829435439
2102604946126561324
2102605114498515126
2102605272443416664
2102607871683002503
2102610257994461629
2102611880540012831
2102634252340994472
2102635483897729225
2102639622333309200
2102640254507155677
2102640685505708158
2102649294776115236
2102649993480007780
2102660653727297945
2102663874453655715
2102665534664061326
2102666495218335783
2102669270358577537
2102673373968871578
2102673631566348466
2102673749707563462
2102680026466730274
2102683113994490276
2102697972299678022
2102702003361370452
2102733906156163302
2102734134414082548
2102736992681480499
2102758959086243961
2102759201189872112
2102762929888358637
2102764855380087033
2102766820835098863
2102771255992860702
2102772615698166174
2102773610008174833
2102774820383658256
2102775843634503951
2102779905536831748
2102782354695614771
2102782954825244913
2102783582800585152
2102785499664638013
2102786106039353556
2102787714290741666
2102787739670470665
2102792317489057854
2102792343804162299
2102792472682463587
2102793491533435047
2102798501554061508
2102798702331199775
2102802930336415792
2102803054190067854
2102803451357098117
2102803934775754897
2102804133195743724
2102806061342396442
2102806323423535490
2102806892909310406
2102807973370454406
2102821618678710695
2102861532929605669
2102879091460587617
2102900094572073058
2102900229246968267
2102902054163497040
2102902115186385197
2102905889137304019
2102906747690360946
2102906950333947918
2102909347831705846
2102909404974838091
2102910202777620745
2102910542302363827
2102913141449617575
2102916741164937717
2102929245983125940
2102931922133676227
2102933197365620990
2102934145257365829
2102948946494857321
2102952963119694012
2102954261697204577
2102954387547246663
2102954417356263670
2102955682618294477
2102955725127664076
2102961963617972699
2102962651181777302
2102962923031400791
2102967336362033223
2102967914894909895
2102967994653749316
2102968113470095477
2102970286500905016
2102970505171284185
2102970681528824091
2102971538949763283
2102973639008366859
2102973814141591923
2102982653834395980
