# エゴサーチで採用と判定した投稿ID（2026-09-25〜2026-09-30・326 件）
2103337213337784614
2103339890268381527
2103348833061314983
2103349385900016077
2103365269217538399
2103372455402201266
2103372507869032819
2103374875541061809
2103378521578221805
2103402902865977772
2103409881135079816
2103432750309032271
2103433269962269159
2103440665132589286
2103441935042228649
2103446559488946657
2103447127699628270
2103447573126434844
2103448750199124476
2103449891251065316
2103453297248030813
2103456894505689240
2103468574656602595
2103472621082001825
2103472646105211259
2103476064878236130
2103477048627052847
2103488469427196405
2103488525194936762
2103488572607316478
2103489385480217036
2103489911592714748
2103492110465065197
2103506615832109106
2103506823651455483
2103522288683655593
2103593986963419408
2103609696234148159
2103609843949171133
2103609937226281181
2103610014938374530
2103610085687828977
2103625692827320716
2103651532017451186
2103659991773446375
2103674762270834755
2103676206696865917
2103689826436571515
2103691085726028016
2103691737776771375
2103698437460074618
2103698741165539689
2103704916040782267
2103709180326826024
2103724120727007560
2103727565815132248
2103728078518448380
2103731574420496589
2103733818725200225
2103739892979384728
2103756587194335333
2103759187088159012
2103770798620311881
2103771784696963351
2103774607606235394
2103774791539003645
2103787026508288258
2103794446487998952
2103794482521272474
2103812809905832299
2103815382905802810
2103816094842868209
2103817404979818731
2103817759318568973
2103817926356959728
2103818024457572456
2103818090333311412
2103818093793628340
2103818676445258204
2103819081753284994
2103823032167092238
2103823617687793764
2103824026456240132
2103827431480230026
2103827716747440302
2103828295477567628
2103828527191904397
2103830526335590479
2103830982088630415
2103831935718228159
2103832686901244058
2103832906263392611
2103833402051010913
2103847532350902774
2103858322285989909
2103864491469640161
2103975898425029090
2103981501708996704
2103999209796255818
2104002309017796729
2104005500216172902
2104005698564862385
2104008676059308276
2104008883102765278
2104010713513742423
2104012783415329053
2104013056615575563
2104014193297146009
2104015146364621117
2104016154364919840
2104017427394937323
2104018349634294207
2104020785623110076
2104022108749918662
2104025269623496831
2104026042231140397
2104028684344872975
2104040833112760533
2104041471422955835
2104042161725694421
2104042619940806725
2104045578250600711
2104064351145689365
2104071831489786228
2104072021764354227
2104104908882649211
2104106682737652057
2104108385381806130
2104115856426852407
2104116640770031618
2104128411010736594
2104129582899269960
2104133101312229623
2104138719485919252
2104143780358312132
2104144198475960511
2104145523594903991
2104146744179356007
2104151179920056769
2104151378482577582
2104154795380761070
2104155141972828612
2104155502473310587
2104157985706762360
2104166470741791209
2104173940776341588
2104174643913605323
2104181298042708238
2104183886876135577
2104184239940088008
2104184508245270799
2104192525519220759
2104194871007609057
2104196131186184220
2104198327457960058
2104203489366995120
2104205127796023806
2104207051643887947
2104247372146757932
2104260133782261928
2104267211406008793
2104337986062352501
2104339260530934005
2104339349244633167
2104340845176746474
2104344130180792326
2104346231782903995
2104347750720807071
2104349410897674407
2104355620149461433
2104370923851907478
2104372297243279545
2104386776962060637
2104390554687779042
2104391262497571191
2104392009071079503
2104398615649337361
2104400076823236792
2104401435836424284
2104403042661777688
2104412295984271784
2104413430023324076
2104416058710937721
2104416114247860458
2104416721205661765
2104418035411095760
2104420087428010387
2104428257009680477
2104429599107276853
2104430060254158962
2104444487066087632
2104446468027523420
2104446899294286076
2104447325162930470
2104447458843754840
2104447786800594999
2104448258030657827
2104460774018322698
2104462385453076892
2104472095241458057
2104486702157078913
2104501640103682094
2104502533507232206
2104503590878585267
2104505474238558364
2104506926180573381
2104516120673956256
2104523613076631696
2104525605027139947
2104526646716096980
2104526806598746615
2104544369688932694
2104546304408084907
2104552131005178278
2104554766017720635
2104554885622722886
2104558716242858174
2104559480730226886
2104562378935611560
2104562558091026438
2104563061923127454
2104567659270733830
2104568626171031665
2104572193690849438
2104601053446725972
2104601253376340091
2104699836285194569
2104699941079933025
2104700545030336771
2104700578471530785
2104701312478937176
2104703088070390134
2104708455252812258
2104708683771134343
2104712900279775328
2104715466648551847
2104720357806772514
2104721026290749447
2104725701429702759
2104727515650814190
2104729414546419868
2104740526511841328
2104745851885404297
2104751821889958322
2104759606690058640
2104759971078701514
2104760942118797394
2104770803669807207
2104774538215178328
2104778213478031593
2104782983357923761
2104783593419747543
2104786304533737592
2104792428217794610
2104800079861498299
2104809786252636465
2104811895848853949
2104829412726411745
2104833867098288243
2104837400329441577
2104840524989653059
2104840710751211838
2104849252400971843
2104851560174076358
2104860358511059125
2104886255297442168
2104907953249956228
2104909621467156799
2104911580966334606
2104936504724455528
2104981894568042796
2105059299999572141
2105059749440217374
2105066821535818173
2105068169564209347
2105072057402945808
2105093183738909004
2105113512716775554
2105114232056644013
2105117688905568636
2105130581256503750
2105132805584011555
2105139851951825353
2105142112715170179
2105146895656227183
2105164690569806262
2105165896016937100
2105167345996227005
2105169532998533400
2105169693506245024
2105171660555076085
2105180174593757446
2105200408750907788
2105203873300595151
2105204094415819207
2105204150388805870
2105208176073417032
2105214504296755406
2105220697564041565
2105222094602789138
2105232128531443777
2105232702173585652
2105235895431622767
2105239289034613092
2105241718849478919
2105244398225432630
2105245089752903821
2105245332443697552
2105258003322605622
2105263054346936602
2105263705705545867
2105271654205268470
2105274756664865039
2105279934952559011
2105286551521603850
2105289648381792525
2105289982500061313
2105293024448434382
2105293683860120019
2105295086951309638
2105296907103043787
2105296956574892108
2105304322435407942
2105307066072285553
2105309501050228861
2105311424667103711
