# エゴサーチで採用と判定した投稿ID（2026-09-07〜2026-09-15・167 件）
2096844564103577880
2096844965116846117
2096898676975370439
2096901492737479138
2096902498267385982
2096907237071417844
2096930232468996373
2096964492701905392
2096992704211177553
2097157380433993923
2097199740253323750
2097224060908478781
2097262907943993391
2097263663019401539
2097264773071339552
2097269873046880648
2097270267269541964
2097270486728143248
2097271095627821414
2097271436700225656
2097271843740897314
2097273690342002981
2097279743813189980
2097282317933027782
2097284587407974425
2097302413627535383
2097303130245410875
2097303381190828456
2097304070495384048
2097304498192470515
2097304945615892735
2097305229536674206
2097305656948932636
2097305964424949905
2097306310953914587
2097306671756476683
2097308421200732474
2097308809375125622
2097309272271208560
2097309776271278563
2097310231584014582
2097318960622707065
2097486807634194794
2097621523918172198
2097622104330121236
2097671526665343023
2097674061245755545
2097674904783253617
2097675574785515698
2097676842534862848
2097714076990460018
2097716924184707088
2097851213605917087
2097884022567555414
2097922299739689097
2097936482556383713
2097962347927339277
2097973362039693751
2097973604432420970
2097973783873380675
2097995969614778470
2097996215644254642
2097996614417686680
2097996902918668412
2097997091268088133
2098011333530997219
2098019105450451136
2098027060153512227
2098196859173109820
2098197428629557620
2098197628047728900
2098197795073384799
2098198093510697212
2098198269403033625
2098200606989226041
2098229169427779743
2098254122902515907
2098349543452753930
2098351360232325361
2098351784272269702
2098353065116225651
2098357527155257503
2098362268169990359
2098381090864156772
2098413305425530943
2098413492898324786
2098413752701903163
2098414257259806767
2098551574306201828
2098558471243448335
2098575839621415271
2098618895259292139
2098629595507634661
2098689235075428782
2098709316648009931
2098709799060005196
2098710226161766433
2098710852396536313
2098734440600281161
2098770635250163912
2098771810611552653
2098889384229752873
2098934919594705328
2098981547647103155
2099018136213405868
2099032695145931142
2099034936653259180
2099035158511046679
2099037971072901425
2099047058573607088
2099052291965997417
2099054521653797328
2099063588635787637
2099063671951700009
2099063919658578122
2099064153747095772
2099064207920480709
2099064726164545793
2099078393094611098
2099086898727878727
2099089991423213589
2099103961005633666
2099117812744860008
2099118764331774379
2099120214600454410
2099137642013294722
2099143282043281669
2099271256659140690
2099271829273935895
2099272506016452774
2099272986700427468
2099273356059226241
2099273723291554031
2099274625918312635
2099275289868247527
2099276591503413561
2099277080357924932
2099277696203469156
2099278077180498198
2099278401899233387
2099278679193059760
2099436868727443960
2099471848010564015
2099478252578566147
2099487859447406805
2099522823903453611
2099523041034219841
2099523500671160534
2099523720939184555
2099746647685403082
2099761038950641802
2099763334694482152
2099767873329861056
2099769197056434259
2099769939569848369
2099772310844821554
2099772615095455901
2099778058911965472
2099785299899658523
2099786617653494010
2099786956695871528
2099788492511514738
2099790828822491145
2099791625040101745
2099793925393596724
2099799800086683890
2099803120838877205
